111
101
101
101
111

110
010
010
010
111

111
001
111
100
111

111
001
111
001
111

100
100
110
111
010

111
100
111
001
111

110
100
111
101
111

111
001
001
001
001

111
101
111
101
111

111
101
111
001
001

111
101
111
101
101

110
101
110
101
110

111
100
100
100
111

110
101
101
101
110

111
100
111
100
111

111
100
111
100
100

111
100
100
101
111

101
101
111
101
101

111
010
010
010
111

111
010
010
010
110

101
110
100
110
101

100
100
100
100
111

111
111
101
101
101

101
111
111
111
101

111
101
101
101
111

111
101
111
100
100

000
111
101
111
001

101
101
101
101
111

111
101
110
101
101

111
100
111
001
111

111
010
010
010
010

101
101
101
101
111

101
101
101
101
010

101
101
101
111
010

101
101
010
101
101

101
101
010
010
010

111
001
010
100
111
